6.536503326185020342e+03 1.775166800194150074e-02 2.075011567728683726e-02
6.538725548407240240e+03 4.856386626530360268e-02 2.669737958782718301e-02
6.540947770629460138e+03 6.851981717784169645e-02 7.731004081211848011e-02
6.543169992851690040e+03 8.232062584794509752e-02 7.075606804045199427e-02
6.545392215073909938e+03 1.579468966955299980e-01 1.398883719239203127e-01
6.547614437296129836e+03 3.403674450380819727e-01 3.506153091481369333e-01
6.549836659518349734e+03 6.108089687440090287e-01 6.293939714277025921e-01
6.552058881740579636e+03 8.840803061477869873e-01 8.479144022366031930e-01
6.554281103962800444e+03 1.084511420640440038e+00 1.088584209185550211e+00
6.556503326185020342e+03 1.315733465012539849e+00 1.355305523975337323e+00
6.558725548407240240e+03 1.617855425066270225e+00 1.586623101755471499e+00
6.560947770629470142e+03 1.474573224351070300e+00 1.488556561989725635e+00
6.563169992851690040e+03 1.219364244200999980e+00 1.254100282679808442e+00
6.565392215073909938e+03 1.143949698258440062e+00 1.141693775504752706e+00
6.567614437296129836e+03 1.164210662768180082e+00 1.131223754595604980e+00
6.569836659518349734e+03 1.178345422416809951e+00 1.170512027574844405e+00
6.572058881740579636e+03 1.198592513135970039e+00 1.198515907914752043e+00
6.574281103962800444e+03 1.177611128415090080e+00 1.179748780968483457e+00
6.576503326185020342e+03 1.120918672436640007e+00 1.119197832022365002e+00
6.578725548407240240e+03 1.050663968176959839e+00 1.044213963516574362e+00
6.580947770629460138e+03 9.861176060984139236e-01 9.778904106131368623e-01
6.583169992851690040e+03 9.396968905429010643e-01 9.297674641319232380e-01
6.585392215073909938e+03 9.095393842774339710e-01 9.011156462816845014e-01
6.587614437296129836e+03 8.872528747280159500e-01 8.896416038187967557e-01
6.589836659518349734e+03 8.835642604112251552e-01 8.914608371238642581e-01
6.592058881740579636e+03 8.971358441550369989e-01 9.019570343189329265e-01
6.594281103962800444e+03 9.182322599892138726e-01 9.181406855720163351e-01
6.596503326185020342e+03 9.460894589296240387e-01 9.384486020126515671e-01
6.598725548407240240e+03 9.717086632475080421e-01 9.612302519451870753e-01
6.600947770629460138e+03 9.961912996356810934e-01 9.856031475059972013e-01
6.603169992851690040e+03 1.016333419586110232e+00 1.012025448862429178e+00
6.605392215073909938e+03 1.030285777359499999e+00 1.040535476684948613e+00
6.607614437296129836e+03 1.050964916251629910e+00 1.068974210135812619e+00
6.609836659518349734e+03 1.083453216828689891e+00 1.093891792582200706e+00
6.612058881740579636e+03 1.119200401578519966e+00 1.112394823167195845e+00
6.614281103962800444e+03 1.137881177979070069e+00 1.123123415237411438e+00
6.616503326185020342e+03 1.138730847483029773e+00 1.125913771970473709e+00
6.618725548407240240e+03 1.128783459060259675e+00 1.121810303218685911e+00
6.620947770629460138e+03 1.117189359219050049e+00 1.112931656524926538e+00
6.623169992851690040e+03 1.104286734846890106e+00 1.102030674578919900e+00
6.625392215073909938e+03 1.088814592320199948e+00 1.091665350740621543e+00
6.627614437296129836e+03 1.072141210238799935e+00 1.082937128527883708e+00
6.629836659518349734e+03 1.057979639903060098e+00 1.075438730078806415e+00
6.632058881740579636e+03 1.046895354097219899e+00 1.068559693167897340e+00
