6.536000000000000000e+03 1.060336083438846548e-02 2.008394382874321288e-02
6.536401673640167246e+03 1.629431674899674623e-02 2.060386836858932313e-02
6.536803347280334492e+03 2.207419777595590396e-02 2.122126546720809470e-02
6.537205020920501738e+03 2.786632624218568499e-02 2.196002890889455286e-02
6.537606694560669894e+03 3.359402447461870556e-02 2.285396678097100301e-02
6.538008368200837140e+03 3.918061480014866510e-02 2.395302373910234914e-02
6.538410041841004386e+03 4.454941954570838802e-02 2.533458282338830331e-02
6.538811715481171632e+03 4.962376103821765361e-02 2.712562600571721133e-02
6.539213389121338878e+03 5.432696160459620643e-02 2.955383205870232982e-02
6.539615062761506124e+03 5.858234357176386742e-02 3.304939235060547903e-02
6.540016736401673370e+03 6.231322926664035339e-02 3.854948704009109051e-02
6.540418410041840616e+03 6.544294101614546444e-02 4.824740637550231637e-02
6.540820083682008772e+03 6.789480114720365667e-02 6.740985952872566300e-02
6.541221757322176018e+03 6.962527833670420496e-02 1.058729280101052828e-01
6.541623430962343264e+03 7.095534304989770114e-02 1.305052153426310146e-01
6.542025104602510510e+03 7.243160328488436328e-02 1.108023876262349133e-01
6.542426778242677756e+03 7.460402199566058823e-02 8.471624809426665792e-02
6.542828451882845002e+03 7.802256213622275893e-02 7.170415878667742160e-02
6.543230125523012248e+03 8.323703882411459531e-02 7.124509405437783049e-02
6.543631799163179494e+03 9.073089633504846652e-02 7.769568970565331190e-02
6.544033472803347649e+03 1.008168101679751821e-01 8.688151537181108830e-02
6.544435146443514896e+03 1.137803677270566582e-01 9.791098792916147486e-02
6.544836820083682142e+03 1.299071564165198700e-01 1.146584091482700657e-01
6.545238493723849388e+03 1.494827636405719473e-01 1.327817508229292010e-01
6.545640167364016634e+03 1.727777021126006562e-01 1.527005731994537929e-01
6.546041841004183880e+03 1.998516804504352484e-01 1.788317859013097977e-01
6.546443514644351126e+03 2.306093613704827683e-01 2.133545762240126598e-01
6.546845188284519281e+03 2.649518155041722944e-01 2.563453493366711355e-01
6.547246861924686527e+03 3.027801134826954566e-01 3.046133065688641506e-01
6.547648535564853773e+03 3.439952794302538752e-01 3.548998771366605465e-01
6.548050209205021019e+03 3.884014499123314978e-01 4.049963525918817697e-01
6.548451882845188265e+03 4.355018182049971154e-01 4.544291273232130002e-01
6.548853556485355512e+03 4.847413186412388719e-01 5.047203239783081274e-01
6.549255230125522758e+03 5.355648855540448006e-01 5.565136907666137223e-01
6.549656903765690004e+03 5.874174532764034895e-01 6.076043940363546891e-01
6.550058577405858159e+03 6.397398996322921638e-01 6.548656810878045187e-01
6.550460251046025405e+03 6.918993215107500649e-01 6.966845229967544295e-01
6.550861924686192651e+03 7.431984823904135284e-01 7.340825786922040574e-01
6.551263598326359897e+03 7.929379898730835041e-01 7.700810095108210351e-01
6.551665271966527143e+03 8.404184515605603867e-01 8.074812607055339431e-01
6.552066945606694389e+03 8.849404769032102047e-01 8.487938778968948661e-01
6.552468619246861635e+03 9.260471736197068982e-01 8.947201874202985739e-01
6.552870292887028882e+03 9.641949731074601626e-01 9.427708886322061499e-01
6.553271966527197037e+03 1.000055288886695593e+00 9.888133433807382300e-01
6.553673640167364283e+03 1.034299534477398419e+00 1.030719749939926544e+00
6.554075313807531529e+03 1.067599123399798344e+00 1.069294748968566910e+00
6.554476987447698775e+03 1.100645075056332356e+00 1.107143247369669403e+00
6.554878661087866021e+03 1.134606569955058930e+00 1.147132404218125679e+00
6.555280334728033267e+03 1.171146582832183647e+00 1.191443632023848620e+00
6.555682008368200513e+03 1.211950821945172452e+00 1.241054369633292298e+00
6.556083682008367759e+03 1.258704995551489958e+00 1.295498780173845565e+00
6.556485355648535915e+03 1.313094811908734894e+00 1.352728226812621948e+00
6.556887029288703161e+03 1.375690384771741659e+00 1.409671918678175206e+00
6.557288702928870407e+03 1.441957673649751026e+00 1.463167002952991957e+00
6.557690376569037653e+03 1.505903731118227284e+00 1.510191113803439178e+00
6.558092050209204899e+03 1.561535495147638342e+00 1.548333799504843622e+00
6.558493723849372145e+03 1.602859903708449441e+00 1.575933091076238579e+00
6.558895397489539391e+03 1.624009724201945559e+00 1.591902788432709936e+00
6.559297071129707547e+03 1.623408352142827082e+00 1.595517144791126718e+00
6.559698744769874793e+03 1.604728146899488284e+00 1.586473996161355204e+00
6.560100418410042039e+03 1.571961409606959847e+00 1.565237213419168549e+00
6.560502092050209285e+03 1.529100441400249588e+00 1.533325136198405048e+00
6.560903765690376531e+03 1.480137543414365098e+00 1.493298651335117411e+00
6.561305439330543777e+03 1.428811750360174049e+00 1.448387135870967457e+00
6.561707112970711023e+03 1.377451636791234835e+00 1.401850477196267653e+00
6.562108786610878269e+03 1.327897659421339194e+00 1.356425789340832910e+00
6.562510460251046425e+03 1.281989803293285712e+00 1.314084144315350589e+00
6.562912133891213671e+03 1.241568053450182951e+00 1.276015992359653906e+00
6.563313807531380917e+03 1.208450550385655298e+00 1.242752136745395530e+00
6.563715481171548163e+03 1.183350775618403405e+00 1.214346412207016890e+00
6.564117154811715409e+03 1.165378981929405589e+00 1.190564480654598745e+00
6.564518828451882655e+03 1.153519506333132050e+00 1.171050104315511931e+00
6.564920502092049901e+03 1.146756685844053436e+00 1.155443122289024238e+00
6.565322175732217147e+03 1.144074857476641061e+00 1.143437548200805454e+00
6.565723849372385303e+03 1.144482534317845301e+00 1.134780303994375128e+00
6.566125523012552549e+03 1.147152901695043248e+00 1.129230921585655745e+00
6.566527196652719795e+03 1.151327807017030969e+00 1.126532073545661428e+00
6.566928870292887041e+03 1.156249325429605346e+00 1.126401815183997401e+00
6.567330543933054287e+03 1.161159532078564816e+00 1.128533068636302428e+00
6.567732217573221533e+03 1.165305536582530888e+00 1.132593504964657161e+00
6.568133891213388779e+03 1.168346204859865844e+00 1.138224563122122834e+00
6.568535564853556934e+03 1.170651249867960875e+00 1.145043879122104258e+00
6.568937238493724180e+03 1.172660886656305079e+00 1.152653120798545094e+00
6.569338912133891426e+03 1.174815330274401326e+00 1.160649986285618995e+00
6.569740585774058673e+03 1.177554795771747820e+00 1.168642430236606966e+00
6.570142259414225919e+03 1.181245402102546249e+00 1.176262859411552064e+00
6.570543933054393165e+03 1.185631112880689786e+00 1.183179708123908824e+00
6.570945606694560411e+03 1.190144943904664965e+00 1.189104523168295513e+00
6.571347280334727657e+03 1.194217608736819702e+00 1.193796054266465845e+00
6.571748953974895812e+03 1.197279820939506578e+00 1.197062135765527335e+00
6.572150627615063058e+03 1.198763741476521982e+00 1.198760098449904943e+00
6.572552301255230304e+03 1.198320895017440435e+00 1.198796354857025737e+00
6.572953974895397550e+03 1.196054985132587678e+00 1.197124587719842870e+00
6.573355648535564796e+03 1.192125512389819564e+00 1.193743827532447455e+00
6.573757322175732043e+03 1.186691977356990835e+00 1.188696024409207297e+00
6.574158995815899289e+03 1.179913880601957343e+00 1.182062638071791127e+00
6.574560669456066535e+03 1.171948884191251983e+00 1.173959911988680771e+00
6.574962343096234690e+03 1.162935402336048085e+00 1.164532119097655638e+00
6.575364016736401936e+03 1.153000370969742727e+00 1.153944351578721994e+00
6.575765690376569182e+03 1.142270572829761521e+00 1.142375606481025319e+00
6.576167364016736428e+03 1.130872790653549398e+00 1.130012297056353310e+00
6.576569037656903674e+03 1.118933800893201713e+00 1.117042249152740752e+00
6.576970711297070920e+03 1.106578143465647646e+00 1.103649102433740925e+00
6.577372384937238166e+03 1.093924827654218390e+00 1.090007431754517420e+00
6.577774058577405413e+03 1.081092022746664272e+00 1.076278588994067364e+00
6.578175732217573568e+03 1.068197898030706749e+00 1.062607426998634974e+00
6.578577405857740814e+03 1.055360622794154546e+00 1.049120088797227845e+00
6.578979079497908060e+03 1.042696907296458031e+00 1.035923267479099019e+00
6.579380753138075306e+03 1.030304115278919630e+00 1.023105275113995294e+00
6.579782426778242552e+03 1.018265894121039405e+00 1.010737947853217467e+00
6.580184100418409798e+03 1.006665600124256432e+00 9.988789571854423954e-01
6.580585774058577044e+03 9.955865895900087859e-01 9.875740836108823917e-01
6.580987447698745200e+03 9.851122035643381514e-01 9.768590629125718516e-01
6.581389121338912446e+03 9.753048471950511722e-01 9.667609862563258938e-01
6.581790794979079692e+03 9.661644947802146000e-01 9.572991629274214542e-01
6.582192468619246938e+03 9.576795350461454470e-01 9.484857315179119341e-01
6.582594142259414184e+03 9.498383567191616139e-01 9.403262358436283996e-01
6.582995815899581430e+03 9.426293485255801130e-01 9.328203055148223122e-01
6.583397489539748676e+03 9.360381348879101004e-01 9.259626416381655512e-01
6.583799163179915922e+03 9.300029231163993160e-01 9.197441108778448005e-01
6.584200836820084078e+03 9.244220507369290685e-01 9.141527618884333073e-01
6.584602510460251324e+03 9.191926146730765579e-01 9.091746768280595248e-01
6.585004184100418570e+03 9.142117118483796823e-01 9.047945552139472492e-01
6.585405857740585816e+03 9.093764406802702371e-01 9.009959847738060468e-01
6.585807531380753062e+03 9.046260394684343398e-01 8.977614361241844643e-01
6.586209205020920308e+03 9.000519969574354295e-01 8.950720748513381064e-01
6.586610878661087554e+03 8.957801748672107323e-01 8.929074858698969885e-01
6.587012552301254800e+03 8.919364349176971407e-01 8.912453802083852850e-01
6.587414225941422956e+03 8.886466388288244422e-01 8.900613783751931685e-01
6.587815899581590202e+03 8.860335714482088232e-01 8.893290267960040074e-01
6.588217573221757448e+03 8.841497643301123865e-01 8.890200552164718717e-01
6.588619246861924694e+03 8.829777805345435659e-01 8.891048796300122792e-01
6.589020920502091940e+03 8.824971632092848406e-01 8.895533218911554352e-01
6.589422594142259186e+03 8.826874555021179125e-01 8.903355002048519706e-01
6.589824267782426432e+03 8.835282005608242617e-01 8.914227384676197685e-01
6.590225941422594587e+03 8.849881735590303666e-01 8.927883370063340873e-01
6.590627615062761834e+03 8.869888987277892989e-01 8.944081635055358692e-01
6.591029288702929080e+03 8.894389433851969118e-01 8.962610301285773851e-01
6.591430962343096326e+03 8.922468745020202263e-01 8.983288537340043955e-01
6.591832635983263572e+03 8.953212590490262635e-01 9.005965323913952547e-01
6.592234309623430818e+03 8.985725060032173639e-01 9.030516069243499366e-01
6.592635983263598064e+03 9.019692333689409702e-01 9.056837990866608568e-01
6.593037656903765310e+03 9.055487249381887205e-01 9.084844477806592877e-01
6.593439330543933465e+03 9.093522157716352750e-01 9.114458791866901777e-01
6.593841004184100711e+03 9.134209409299283156e-01 9.145607407440785597e-01
6.594242677824267957e+03 9.177961354737413924e-01 9.178214086919300740e-01
6.594644351464435204e+03 9.225015537786347419e-01 9.212195509205317601e-01
6.595046025104602450e+03 9.274676427520138766e-01 9.247458837080501093e-01
6.595447698744769696e+03 9.325938432723005489e-01 9.283901576644784104e-01
6.595849372384936942e+03 9.377795755245685871e-01 9.321414025821513905e-01
6.596251046025104188e+03 9.429242596938910426e-01 9.359883902473179473e-01
6.596652719665272343e+03 9.479285405289908928e-01 9.399201712927102159e-01
6.597054393305439589e+03 9.527496255666954017e-01 9.439266035551513445e-01
6.597456066945606835e+03 9.574238476183037916e-01 9.479988090441867632e-01
6.597857740585774081e+03 9.619934365574349666e-01 9.521295229119817183e-01
6.598259414225941327e+03 9.665006222577064987e-01 9.563132744630071791e-01
6.598661087866108574e+03 9.709876345927365149e-01 9.605464556174961865e-01
6.599062761506275820e+03 9.754896482752108966e-01 9.648273318761140249e-01
6.599464435146443066e+03 9.799958375878758954e-01 9.691560101106564407e-01
6.599866108786611221e+03 9.844769390613613558e-01 9.735343734766537249e-01
6.600267782426778467e+03 9.889036399457266091e-01 9.779659173301518127e-01
6.600669456066945713e+03 9.932466274910614068e-01 9.824554448278893792e-01
6.601071129707112959e+03 9.974765445717298507e-01 9.870086169182381575e-01
6.601472803347280205e+03 1.001560790265178857e+00 9.916313468116368934e-01
6.601874476987447451e+03 1.005461369576399422e+00 9.963290542604295030e-01
6.602276150627614697e+03 1.009139777898179213e+00 1.001105833267038392e+00
6.602677824267782853e+03 1.012557510623314005e+00 1.005963708428459391e+00
6.603079497907950099e+03 1.015676063144575592e+00 1.010902056076450339e+00
6.603481171548117345e+03 1.018469043773033267e+00 1.015917231318720360e+00
6.603882845188284591e+03 1.021007228114356957e+00 1.021002418364725495e+00
6.604284518828451837e+03 1.023408124977868150e+00 1.026147705039272884e+00
6.604686192468619083e+03 1.025789541087742673e+00 1.031340394803331062e+00
6.605087866108786329e+03 1.028269283168155912e+00 1.036565386776286735e+00
6.605489539748953575e+03 1.030964937798367620e+00 1.041805570331291841e+00
6.605891213389121731e+03 1.033965300807283105e+00 1.047042200720019300e+00
6.606292887029288977e+03 1.037302054867191847e+00 1.052255231599410479e+00
6.606694560669456223e+03 1.041000150477454644e+00 1.057423632836225202e+00
6.607096234309623469e+03 1.045084538137426078e+00 1.062525698901422011e+00
6.607497907949790715e+03 1.049580168346460507e+00 1.067539385142541208e+00
6.607899581589957961e+03 1.054508266587549148e+00 1.072442698462506172e+00
6.608301255230125207e+03 1.059852903821549619e+00 1.077214157775184145e+00
6.608702928870292453e+03 1.065576809913397538e+00 1.081833297238979918e+00
6.609104602510460609e+03 1.071642460490278559e+00 1.086281117374806593e+00
6.609506276150627855e+03 1.078012331179337036e+00 1.090540442807604204e+00
6.609907949790795101e+03 1.084648766885339954e+00 1.094596151190412092e+00
6.610309623430962347e+03 1.091476463547901510e+00 1.098435259788024254e+00
6.610711297071129593e+03 1.098330616666161719e+00 1.102046851411336181e+00
6.611112970711296839e+03 1.105033410646434788e+00 1.105421852773811331e+00
6.611514644351464085e+03 1.111407029895034260e+00 1.108552783822161159e+00
6.611916317991632241e+03 1.117273658818285886e+00 1.111433515756698576e+00
6.612317991631799487e+03 1.122464716497193038e+00 1.114059076764804646e+00
6.612719665271966733e+03 1.126927843984168343e+00 1.116425539166656655e+00
6.613121338912133979e+03 1.130690102360676574e+00 1.118529980568206961e+00
6.613523012552301225e+03 1.133780090852014810e+00 1.120370518378206226e+00
6.613924686192468471e+03 1.136226408683480127e+00 1.121946387065176021e+00
6.614326359832635717e+03 1.138057656921512173e+00 1.123258035031805324e+00
6.614728033472802963e+03 1.139304202557553714e+00 1.124307232536810197e+00
6.615129707112971118e+03 1.140001469291991532e+00 1.125097146599944420e+00
6.615531380753138365e+03 1.140185780199799659e+00 1.125632381270322169e+00
6.615933054393305611e+03 1.139893458355955236e+00 1.125918991113786349e+00
6.616334728033472857e+03 1.139160826835435181e+00 1.125964458117949984e+00
6.616736401673640103e+03 1.138025479413544039e+00 1.125777636798917625e+00
6.617138075313807349e+03 1.136545593151894629e+00 1.125368650402533310e+00
6.617539748953974595e+03 1.134796033515034663e+00 1.124748751451948969e+00
6.617941422594141841e+03 1.132852146930613202e+00 1.123930188501361283e+00
6.618343096234309996e+03 1.130789279826273308e+00 1.122926084845123018e+00
6.618744769874477242e+03 1.128682777007304239e+00 1.121750344536278643e+00
6.619146443514644488e+03 1.126590955961831009e+00 1.120417593605504525e+00
6.619548117154811735e+03 1.124513112501070777e+00 1.118943143175932464e+00
6.619949790794978981e+03 1.122435762712122642e+00 1.117342966989087527e+00
6.620351464435146227e+03 1.120345422682085035e+00 1.115633661287129597e+00
6.620753138075313473e+03 1.118228608498056609e+00 1.113832360968457280e+00
6.621154811715481628e+03 1.116071928825802306e+00 1.111956582039630437e+00
6.621556485355648874e+03 1.113863974804216062e+00 1.110023969050693893e+00
6.621958158995816120e+03 1.111595241746188290e+00 1.108051983310139210e+00
6.622359832635983366e+03 1.109256301875495954e+00 1.106057556768245131e+00
6.622761506276150612e+03 1.106837727415914907e+00 1.104056734699897735e+00
6.623163179916317858e+03 1.104330090591221225e+00 1.102064317510369262e+00
6.623564853556485104e+03 1.101726487693335699e+00 1.100093547721975540e+00
6.623966527196652351e+03 1.099030638412165972e+00 1.098155860820088536e+00
6.624368200836820506e+03 1.096249056876605010e+00 1.096260681096880019e+00
6.624769874476987752e+03 1.093388257228528948e+00 1.094415274430636131e+00
6.625171548117154998e+03 1.090454753609795491e+00 1.092624657232114771e+00
6.625573221757322244e+03 1.087455446625831268e+00 1.090891606310586903e+00
6.625974895397489490e+03 1.084408582893675588e+00 1.089216802872520429e+00
6.626376569037656736e+03 1.081345315710724009e+00 1.087599059551147329e+00
6.626778242677823982e+03 1.078297498597798221e+00 1.086035631590632766e+00
6.627179916317991228e+03 1.075296985075720801e+00 1.084522592257003204e+00
6.627581589958159384e+03 1.072375628665306113e+00 1.083055253716535660e+00
6.627983263598326630e+03 1.069560867838225571e+00 1.081628585346934956e+00
6.628384937238493876e+03 1.066857549238821701e+00 1.080237563649540933e+00
6.628786610878661122e+03 1.064263312569010633e+00 1.078877448894933755e+00
6.629188284518828368e+03 1.061775794412031182e+00 1.077543983133921079e+00
6.629589958158995614e+03 1.059392631351121716e+00 1.076233515195713863e+00
6.629991631799162860e+03 1.057111459969521272e+00 1.074943053912581048e+00
6.630393305439330106e+03 1.054929916850468219e+00 1.073670292003599203e+00
6.630794979079498262e+03 1.052845638577196707e+00 1.072413630232095461e+00
6.631196652719665508e+03 1.050856261732954655e+00 1.071172211354788795e+00
6.631598326359832754e+03 1.048959422900975991e+00 1.069945971673849083e+00
6.632000000000000000e+03 1.047152758664499306e+00 1.068735683071675657e+00
