6.520000000000000000e+03 1.608087604404376258e-01
6.520495833333333394e+03 1.664722852202467351e-01
6.520991666666666788e+03 5.963831651644239257e-02
6.521487500000000182e+03 9.944585265494028381e-03
6.521983333333333576e+03 -1.081828777493098505e-03
6.522479166666666970e+03 -2.758715589002208108e-05
6.522975000000000364e+03 1.643524968764111189e-03
6.523470833333333758e+03 4.420123066444512847e-03
6.523966666666666242e+03 -2.236132209166244271e-03
6.524462499999999636e+03 2.021483089072950972e-03
6.524958333333333030e+03 -5.891532625007120600e-04
6.525454166666666424e+03 1.721486526861381499e-03
6.525949999999999818e+03 -5.540260416118237934e-04
6.526445833333333212e+03 4.630332858816528334e-03
6.526941666666666606e+03 1.809146077484770744e-03
6.527437500000000000e+03 3.945754825712985067e-03
6.527933333333333394e+03 -2.406829761014518470e-04
6.528429166666666788e+03 -2.305778541226045832e-03
6.528925000000000182e+03 1.489620521859685875e-04
6.529420833333333576e+03 -3.631994262771583073e-03
6.529916666666666970e+03 1.828599156534381574e-03
6.530412500000000364e+03 1.014868601539588690e-03
6.530908333333333758e+03 4.192009224511352231e-03
6.531404166666666242e+03 5.726712127235926778e-03
6.531899999999999636e+03 1.623604917247505053e-01
6.532395833333333030e+03 6.461158630943395487e-01
6.532891666666666424e+03 6.438869663676956012e-01
6.533387499999999818e+03 5.002761497171011040e-01
6.533883333333333212e+03 5.129752984478670452e-01
6.534379166666666606e+03 5.456430007770838309e-01
6.534875000000000000e+03 5.709908559749956591e-01
6.535370833333333394e+03 4.537528245493320789e-01
6.535866666666666788e+03 3.114568038180196008e-01
6.536362500000000182e+03 8.970596358449464680e-02
6.536858333333333576e+03 6.842359019644686513e-02
6.537354166666666970e+03 1.231159547196319648e-01
6.537850000000000364e+03 1.064912216695054759e-01
6.538345833333333758e+03 1.032005291808044400e-01
6.538841666666666242e+03 1.373024475309332082e-01
6.539337499999999636e+03 1.427709723758267546e-01
6.539833333333333030e+03 1.465883004476525031e-01
6.540329166666666424e+03 1.765904372795271682e-01
6.540824999999999818e+03 2.143723612910915510e-01
6.541320833333333212e+03 2.754257238240723771e-01
6.541816666666666606e+03 2.703435337810901062e-01
6.542312500000000000e+03 1.027036335302389941e-01
6.542808333333333394e+03 7.496497692104556361e-03
6.543304166666666788e+03 5.468579830580268947e-03
6.543800000000000182e+03 1.953473935119320187e-02
6.544295833333333576e+03 3.818903832515465474e-02
6.544791666666666970e+03 2.724657147597273760e-02
6.545287500000000364e+03 7.339326087795718101e-02
6.545783333333333758e+03 7.268359913122307558e-02
6.546279166666666242e+03 8.949294012685651833e-02
6.546774999999999636e+03 1.262216987146739799e-01
6.547270833333333030e+03 1.975534988547095194e-01
6.547766666666666424e+03 2.722842531349468631e-01
6.548262499999999818e+03 3.457775744392759254e-01
6.548758333333333212e+03 4.011745503072740027e-01
6.549254166666666606e+03 4.599757819237892953e-01
6.549750000000000000e+03 5.448379085912737896e-01
6.550245833333333394e+03 6.248740578248921373e-01
6.550741666666666788e+03 6.797612982673716386e-01
6.551237500000000182e+03 7.012799129121213282e-01
6.551733333333333576e+03 7.318867918803512174e-01
6.552229166666666970e+03 7.531825597415734430e-01
6.552725000000000364e+03 8.164264066975337464e-01
6.553220833333333758e+03 9.227721337427333692e-01
6.553716666666666242e+03 1.004030025583842356e+00
6.554212499999999636e+03 1.035249705089951622e+00
6.554708333333333030e+03 1.055421013357756177e+00
6.555204166666666424e+03 1.073908679903481156e+00
6.555699999999999818e+03 1.125926710969398448e+00
6.556195833333333212e+03 1.183712075117147933e+00
6.556691666666666606e+03 1.321782432922172568e+00
6.557187500000000000e+03 1.436846173079912692e+00
6.557683333333333394e+03 1.582220586918735794e+00
6.558179166666666788e+03 1.701704177645986693e+00
6.558675000000000182e+03 1.787773093802107915e+00
6.559170833333333576e+03 1.847741017922327922e+00
6.559666666666666970e+03 1.897089660791439814e+00
6.560162500000000364e+03 1.904590803682930655e+00
6.560658333333333758e+03 1.870550092205565784e+00
6.561154166666666242e+03 1.741943023980679683e+00
6.561649999999999636e+03 1.573454328623527410e+00
6.562145833333333030e+03 1.410398530017986429e+00
6.562641666666666424e+03 1.269642106330655329e+00
6.563137499999999818e+03 1.169456419183591001e+00
6.563633333333333212e+03 1.094844149209455386e+00
6.564129166666666606e+03 1.049624605471181527e+00
6.564625000000000000e+03 1.016202660928144041e+00
6.565120833333333394e+03 1.015276425083753153e+00
6.565616666666666788e+03 9.778207405332379754e-01
6.566112500000000182e+03 9.465707597918824323e-01
6.566608333333333576e+03 9.545082912668688691e-01
6.567104166666666970e+03 9.556237896054315950e-01
6.567600000000000364e+03 9.640499967649491797e-01
6.568095833333333758e+03 9.826665071985420941e-01
6.568591666666666242e+03 1.011136852998350877e+00
6.569087499999999636e+03 1.042106494624359669e+00
6.569583333333333030e+03 1.096689657285684794e+00
6.570079166666666424e+03 1.142005779117293285e+00
6.570574999999999818e+03 1.190363083097880637e+00
6.571070833333333212e+03 1.238436361824776677e+00
6.571566666666666606e+03 1.275126626619095482e+00
6.572062500000000000e+03 1.310883782751419036e+00
6.572558333333333394e+03 1.339605864260004386e+00
6.573054166666666788e+03 1.351369729536604058e+00
6.573550000000000182e+03 1.364587817577102236e+00
6.574045833333333576e+03 1.367842613139435892e+00
6.574541666666666970e+03 1.358758366979221588e+00
6.575037500000000364e+03 1.322977814573262911e+00
6.575533333333333758e+03 1.293538665859718551e+00
6.576029166666666242e+03 1.260208604134922750e+00
6.576524999999999636e+03 1.213927878746497990e+00
6.577020833333333030e+03 1.167947692976296858e+00
6.577516666666666424e+03 1.126422552897903717e+00
6.578012499999999818e+03 1.065504606981745095e+00
6.578508333333333212e+03 1.028426379448359240e+00
6.579004166666666606e+03 9.764190853193950304e-01
6.579500000000000000e+03 9.521076075303622765e-01
6.579995833333333394e+03 9.286022898123710290e-01
6.580491666666666788e+03 9.004277504135663746e-01
6.580987500000000182e+03 8.704455272931511667e-01
6.581483333333333576e+03 8.460366790224783662e-01
6.581979166666666970e+03 8.273386214012047324e-01
6.582475000000000364e+03 8.019696352548362217e-01
6.582970833333333758e+03 7.827187328329632265e-01
6.583466666666666242e+03 7.815642594704858004e-01
6.583962499999999636e+03 7.693314327188602864e-01
6.584458333333333030e+03 7.629458262520981693e-01
6.584954166666666424e+03 7.563375303704056307e-01
6.585449999999999818e+03 7.464026975864836988e-01
6.585945833333333212e+03 7.397517525954970807e-01
6.586441666666666606e+03 7.416548582693777147e-01
6.586937500000000000e+03 7.384869400638308656e-01
6.587433333333333394e+03 7.306568322048180297e-01
6.587929166666666788e+03 7.377427132885796546e-01
6.588425000000000182e+03 7.386150959045897357e-01
6.588920833333333576e+03 7.482469072870644444e-01
6.589416666666666970e+03 7.634241539287576206e-01
6.589912500000000364e+03 7.634246385788568956e-01
6.590408333333333758e+03 7.752834891804593065e-01
6.590904166666666242e+03 7.833772498946518503e-01
6.591399999999999636e+03 7.882194838126538317e-01
6.591895833333333030e+03 7.941349723483780432e-01
6.592391666666666424e+03 7.927930883033399434e-01
6.592887499999999818e+03 8.060659107697715209e-01
6.593383333333333212e+03 8.045189456460795085e-01
6.593879166666666606e+03 8.134233311541829714e-01
6.594375000000000000e+03 8.117979910164691004e-01
6.594870833333333394e+03 8.156785487100838283e-01
6.595366666666666788e+03 8.264843823751422125e-01
6.595862500000000182e+03 8.335342696127996387e-01
6.596358333333333576e+03 8.541731224430375580e-01
6.596854166666666970e+03 8.594483726763628706e-01
6.597350000000000364e+03 8.707492368253250126e-01
6.597845833333333758e+03 8.756078581079799195e-01
6.598341666666666242e+03 8.854757972116034104e-01
6.598837499999999636e+03 8.866527923321217974e-01
6.599333333333333030e+03 8.909809212098994680e-01
6.599829166666666424e+03 9.057530431719909014e-01
6.600324999999999818e+03 9.156013597242140811e-01
6.600820833333333212e+03 9.159453939034871706e-01
6.601316666666666606e+03 9.223094537560820871e-01
6.601812500000000000e+03 9.192147608619328780e-01
6.602308333333333394e+03 9.217853138437352989e-01
6.602804166666666788e+03 9.215987781904768639e-01
6.603300000000000182e+03 9.364272638819181038e-01
6.603795833333333576e+03 9.373238792860555391e-01
6.604291666666666970e+03 9.546917975712488902e-01
6.604787500000000364e+03 9.780920471743761446e-01
6.605283333333333758e+03 9.801938054851545568e-01
6.605779166666666242e+03 9.947674810747725305e-01
6.606274999999999636e+03 1.013022127427802621e+00
6.606770833333333030e+03 1.019514278709586996e+00
6.607266666666666424e+03 1.029593951065189694e+00
6.607762499999999818e+03 1.046686038815776820e+00
6.608258333333333212e+03 1.060358988155488236e+00
6.608754166666666606e+03 1.082881728759724993e+00
6.609250000000000000e+03 1.096393472902153166e+00
6.609745833333333394e+03 1.103317343064136757e+00
6.610241666666666788e+03 1.115066382619665397e+00
6.610737500000000182e+03 1.120732410821015046e+00
6.611233333333333576e+03 1.122065467870162037e+00
6.611729166666666970e+03 1.126182254943490335e+00
6.612225000000000364e+03 1.134692054119288640e+00
6.612720833333333758e+03 1.140552978552780372e+00
6.613216666666666242e+03 1.145229299202462192e+00
6.613712499999999636e+03 1.153396747327072314e+00
6.614208333333333030e+03 1.151896590056770808e+00
6.614704166666666424e+03 1.154720146912967760e+00
6.615199999999999818e+03 1.154990124119723127e+00
6.615695833333333212e+03 1.155307470468519560e+00
6.616191666666666606e+03 1.156251729475360479e+00
6.616687500000000000e+03 1.151625324268865214e+00
6.617183333333333394e+03 1.149353267575535797e+00
6.617679166666666788e+03 1.142079249309100764e+00
6.618175000000000182e+03 1.132811549764172865e+00
6.618670833333333576e+03 1.135498973121411792e+00
6.619166666666666970e+03 1.124897730132092155e+00
6.619662500000000364e+03 1.115054374553678285e+00
6.620158333333333758e+03 1.117777341242156774e+00
6.620654166666666242e+03 1.112472515229138814e+00
6.621149999999999636e+03 1.101287930271974469e+00
6.621645833333333030e+03 1.091062457768456451e+00
6.622141666666666424e+03 1.072885795232414452e+00
6.622637499999999818e+03 1.064977577290100674e+00
6.623133333333333212e+03 1.063424938527435692e+00
6.623629166666666606e+03 1.058023943517020227e+00
6.624125000000000000e+03 1.045145677877363122e+00
6.624620833333333394e+03 1.042008587580502743e+00
6.625116666666666788e+03 1.030277102835973402e+00
6.625612500000000182e+03 1.030535048855978797e+00
6.626108333333333576e+03 1.025796497116494788e+00
6.626604166666666970e+03 1.029857623654665488e+00
6.627100000000000364e+03 1.028806137472785931e+00
6.627595833333333758e+03 1.029377500091267716e+00
6.628091666666666242e+03 1.034269912672443281e+00
6.628587499999999636e+03 1.031775531761458309e+00
6.629083333333333030e+03 1.030820041718921720e+00
6.629579166666666424e+03 1.027861025483671753e+00
6.630074999999999818e+03 1.023637347025375011e+00
6.630570833333333212e+03 1.016140377641747250e+00
6.631066666666666606e+03 1.016577379019159011e+00
6.631562500000000000e+03 1.025677204248468088e+00
6.632058333333333394e+03 1.023323712333678470e+00
6.632554166666666788e+03 1.016986087026900520e+00
6.633050000000000182e+03 1.012367073301794651e+00
6.633545833333333576e+03 1.005886318280321712e+00
6.634041666666666970e+03 1.006961165089015564e+00
6.634537500000000364e+03 9.969599415152679001e-01
6.635033333333333758e+03 9.960542549013974289e-01
6.635529166666666242e+03 9.946864515600422063e-01
6.636024999999999636e+03 9.940507882328044609e-01
6.636520833333333030e+03 9.930096176665429430e-01
6.637016666666666424e+03 9.911577490593670436e-01
6.637512499999999818e+03 9.830443415013530029e-01
6.638008333333333212e+03 9.802346487552822119e-01
6.638504166666666606e+03 9.773422128812139231e-01
6.639000000000000000e+03 9.758911295892248594e-01
